x	y
2640	-260
7760	-260
118320	51000
48480	84300
54400	84300
118320	47900
97440	84300
96720	84300
118320	54900
118320	55100
80800	84300
54000	84300
54800	84300
40560	84300
70560	84300
118320	49100
118320	49300
118320	45500
35440	84300
91280	84300
27600	84300
82160	84300
85120	84300
83680	84300
86160	84300
83280	84300
118320	47500
65600	84300
69360	84300
84160	84300
80320	84300
41200	84300
27440	84300
78160	84300
81920	84300
59360	84300
33520	84300
77200	84300
71040	84300
75440	84300
72480	84300
73040	84300
27760	84300
51280	84300
-240	54800
36560	84300
58720	84300
61040	84300
30240	84300
70000	84300
82960	-200
22800	84300
-240	54500
45440	84300
65760	-200
70320	84300
44160	84300
84720	-200
27120	84300
35280	84300
-240	29500
53280	84300
51600	84300
48880	84300
30400	84300
75440	-200
17680	-200
42640	84300
23280	84300
39200	84300
45280	84300
45680	84300
40320	84300
75920	-200
66080	84300
47040	84300
33200	84300
42800	84300
44480	84300
43120	84300
34240	84300
68720	-200
89120	-200
-240	52600
25120	84300
33680	84300
45840	84300
55040	84300
59120	-200
49360	84300
38720	84300
29440	84300
-240	51600
37920	84300
41360	84300
32880	84300
43760	84300
46880	84300
48000	-200
118320	71200
105200	84300
106800	84300
117040	84300
111600	84300
115040	84300
108640	84300
115600	84300
116800	84300
109440	84300
116000	84300
116320	84300
117680	84300
116160	84300
115440	84300
117360	84300
117200	84300
118320	68700
109040	84300
118320	71700
118320	72500
118320	72700
114160	84300
116640	84300
118320	70900
118320	71500
118320	70500
118320	72900
118320	70700
113760	84300
118320	73500
108000	84300
107200	84300
118320	67200
118320	67700
118320	69900
118320	68500
118320	69700
118320	67500
118320	70100
118320	69500
118320	64500
118320	67000
118320	66800
118320	63900
118320	16500
118320	55900
118320	63500
118320	62700
118320	66600
118320	63700
118320	4500
118320	20700
118320	65500
118320	62500
118320	65700
118320	67900
118320	2700
118320	1500
118320	55500
118320	54700
118320	55700
118320	54500
118320	25900
118320	24900
118320	28900
118320	27500
118320	23500
118320	23900
118320	24100
118320	22500
118320	19700
118320	18900
118320	18500
118320	18700
118320	19500
118320	20500
118320	15700
118320	17500
118320	14500
118320	15500
118320	24500
118320	12500
118320	1700
118320	2500
118320	8500
118320	29500
118320	28700
118320	32700
118320	49700
118320	1900
118320	32500
118320	81500
118320	24700
118320	25500
118320	25700
118320	28500
118320	53600
118320	53400
118320	53800
118320	52900
118320	48700
118320	52700
118320	51700
118320	79500
118320	50500
118320	48900
118320	47700
118320	48500
118320	23700
118320	44500
118320	44900
118320	43500
118320	49900
118320	48100
118320	44700
118320	46500
118320	2300
118320	4700
118320	2100
118320	38500
118320	6500
118320	78500
118320	45900
118320	45700
118320	52500
118320	51500
118320	51900
118320	49500
70960	-200
70560	-200
70160	-200
71920	-200
69600	-200
71120	-200
64960	-200
64720	-200
64240	-200
64560	-200
65120	-200
65440	-200
63280	-200
62480	-200
80720	-200
62880	-200
79600	-200
74800	-200
60480	-200
79760	-200
60000	-200
60880	-200
61280	-200
79200	-200
61680	-200
80960	-200
62080	-200
78160	-200
63680	-200
78960	-200
75200	-200
73200	-200
59600	-200
