x	y
200	50
600	50
1000	50
1400	50
1800	50
2200	50
2600	50
3000	50
3400	50
3960	50
4360	50
4840	50
5320	50
5720	50
6120	50
6520	50
7160	50
7960	50
8360	50
9000	50
9320	50
9560	50
9880	50
10280	50
10680	50
11080	50
11480	50
11880	50
12280	50
12680	50
13080	50
13480	50
14040	50
14440	50
14840	50
15240	50
15640	50
16040	50
16440	50
16840	50
17400	50
17960	50
18520	50
19240	50
19800	50
20280	50
21000	50
21880	50
22440	50
22920	50
23320	50
23720	50
24440	50
24920	50
25320	50
25720	50
26200	50
26600	50
26840	50
27240	50
27800	50
28280	50
28680	50
29080	50
29640	50
30040	50
30440	50
30840	50
31240	50
31720	50
32200	50
32680	50
33080	50
33480	50
34040	50
34680	50
35160	50
35720	50
36200	50
36760	50
37160	50
37560	50
38120	50
38600	50
39080	50
39720	50
40120	50
40440	50
41000	50
41480	50
41880	50
42280	50
42680	50
43160	50
43720	50
44200	50
44680	50
45080	50
45640	50
46200	50
46760	50
47240	50
47800	50
48280	50
48840	50
49320	50
49880	50
50280	50
50680	50
51080	50
51480	50
51880	50
52200	50
52600	50
53000	50
53400	50
53800	50
54200	50
54600	50
55160	50
55560	50
55960	50
56680	50
57480	50
57800	50
58200	50
200	1050
920	1050
1800	1050
2360	1050
2840	1050
3720	1050
4760	1050
5880	1050
6920	1050
7800	1050
8360	1050
9320	1050
10440	1050
11560	1050
12600	1050
13480	1050
14040	1050
14440	1050
15000	1050
15720	1050
16600	1050
17160	1050
17560	1050
17880	1050
18440	1050
18840	1050
19320	1050
19800	1050
20280	1050
20760	1050
21240	1050
21640	1050
22200	1050
22760	1050
23240	1050
23560	1050
23960	1050
24600	1050
25160	1050
25720	1050
26120	1050
26440	1050
27000	1050
27560	1050
28120	1050
28600	1050
29000	1050
29720	1050
30200	1050
30760	1050
31320	1050
31880	1050
32440	1050
33000	1050
33480	1050
33960	1050
34440	1050
34920	1050
35400	1050
36120	1050
37000	1050
37480	1050
38040	1050
38600	1050
39080	1050
39720	1050
40280	1050
40680	1050
41080	1050
41640	1050
42040	1050
42440	1050
43000	1050
43480	1050
44040	1050
44680	1050
45240	1050
45640	1050
46040	1050
46600	1050
47080	1050
47560	1050
48120	1050
48600	1050
49160	1050
49880	1050
50280	1050
50680	1050
51160	1050
51720	1050
52280	1050
52760	1050
53160	1050
53560	1050
53960	1050
54360	1050
55000	1050
55400	1050
55800	1050
56120	1050
56520	1050
57080	1050
57560	1050
58120	1050
200	2050
840	2050
1560	2050
1880	2050
2520	2050
3320	2050
3960	2050
4680	2050
5480	2050
5800	2050
6360	2050
7240	2050
7720	2050
8040	2050
8440	2050
8920	2050
9320	2050
9880	2050
10280	2050
10840	2050
11240	2050
11720	2050
12120	2050
12440	2050
12680	2050
13000	2050
13400	2050
14040	2050
14520	2050
15000	2050
15560	2050
16120	2050
16600	2050
17160	2050
17560	2050
17960	2050
18520	2050
19160	2050
19560	2050
19960	2050
20360	2050
20680	2050
21160	2050
21960	2050
22760	2050
23240	2050
23560	2050
24280	2050
24680	2050
24920	2050
25240	2050
25960	2050
26840	2050
27240	2050
27640	2050
28120	2050
28680	2050
29400	2050
29800	2050
30120	2050
30520	2050
31000	2050
31480	2050
31800	2050
32120	2050
32600	2050
32920	2050
33320	2050
33880	2050
34440	2050
34840	2050
35400	2050
35960	2050
36520	2050
36920	2050
37320	2050
37720	2050
38040	2050
38520	2050
38840	2050
39240	2050
39880	2050
40280	2050
40840	2050
41320	2050
41800	2050
42280	2050
42760	2050
43240	2050
43800	2050
44200	2050
44760	2050
45320	2050
45880	2050
46360	2050
46760	2050
47160	2050
47720	2050
48200	2050
48680	2050
49320	2050
50040	2050
50600	2050
51160	2050
51560	2050
51960	2050
52520	2050
53000	2050
53560	2050
54040	2050
54360	2050
54920	2050
55320	2050
55880	2050
56440	2050
56920	2050
57400	2050
57800	2050
58200	2050
200	3050
840	3050
1560	3050
2120	3050
2920	3050
3720	3050
4520	3050
5240	3050
6280	3050
7080	3050
7480	3050
7960	3050
8760	3050
9240	3050
9640	3050
10120	3050
10600	3050
11080	3050
11560	3050
11960	3050
12360	3050
12840	3050
13240	3050
13640	3050
14360	3050
14840	3050
15320	3050
15880	3050
16600	3050
17400	3050
17880	3050
18280	3050
18680	3050
19400	3050
19960	3050
20520	3050
21000	3050
21560	3050
22360	3050
22840	3050
23400	3050
23880	3050
24440	3050
24840	3050
25160	3050
25800	3050
26600	3050
27080	3050
27800	3050
28520	3050
29240	3050
29720	3050
30120	3050
30520	3050
31000	3050
31480	3050
31880	3050
32360	3050
32840	3050
33320	3050
33720	3050
34040	3050
34840	3050
35560	3050
35880	3050
36280	3050
36760	3050
37240	3050
37800	3050
38280	3050
38760	3050
39160	3050
39800	3050
40280	3050
40760	3050
41320	3050
41800	3050
42120	3050
42440	3050
42840	3050
43240	3050
43640	3050
44040	3050
44360	3050
44920	3050
45320	3050
45720	3050
46280	3050
46760	3050
47160	3050
47640	3050
48200	3050
48680	3050
49000	3050
49400	3050
49960	3050
50440	3050
50920	3050
51400	3050
51960	3050
52520	3050
53000	3050
53560	3050
54280	3050
55320	3050
55800	3050
56280	3050
56760	3050
57240	3050
57720	3050
58120	3050
200	4050
600	4050
1080	4050
1560	4050
1880	4050
2280	4050
2680	4050
3000	4050
3400	4050
3960	4050
4280	4050
4600	4050
5000	4050
5480	4050
5880	4050
6120	4050
6360	4050
6680	4050
7000	4050
7240	4050
7640	4050
8040	4050
8360	4050
9000	4050
9560	4050
10120	4050
10680	4050
11000	4050
11400	4050
11880	4050
12440	4050
12920	4050
13480	4050
14200	4050
14680	4050
15000	4050
15480	4050
16040	4050
16440	4050
16760	4050
17240	4050
17720	4050
18120	4050
18440	4050
19000	4050
19480	4050
19880	4050
20440	4050
20840	4050
21160	4050
21560	4050
21960	4050
22280	4050
22680	4050
23160	4050
23560	4050
24120	4050
24600	4050
25080	4050
25560	4050
25960	4050
26360	4050
26760	4050
27080	4050
27560	4050
28040	4050
28440	4050
28760	4050
29320	4050
29800	4050
30360	4050
30840	4050
31400	4050
31800	4050
32120	4050
32680	4050
33160	4050
33720	4050
34200	4050
34760	4050
35160	4050
35480	4050
35800	4050
36120	4050
36440	4050
36920	4050
37160	4050
37480	4050
37880	4050
38360	4050
39080	4050
40040	4050
40520	4050
41000	4050
41480	4050
41960	4050
42520	4050
43000	4050
43320	4050
44040	4050
45080	4050
45640	4050
46200	4050
46760	4050
47160	4050
47480	4050
47960	4050
48360	4050
48840	4050
49320	4050
49960	4050
50360	4050
50680	4050
51080	4050
51480	4050
51960	4050
52280	4050
52840	4050
53400	4050
53960	4050
54520	4050
55080	4050
55400	4050
55960	4050
56440	4050
56760	4050
57320	4050
57800	4050
58200	4050
440	5050
1240	5050
1800	5050
2280	5050
2680	5050
3160	5050
3880	5050
4600	5050
5320	5050
5720	5050
6280	5050
6920	5050
7480	5050
7960	5050
8840	5050
9480	5050
9960	5050
10360	5050
10760	5050
11320	5050
12200	5050
13000	5050
13400	5050
13960	5050
14520	5050
14920	5050
15320	5050
15880	5050
16440	5050
16920	5050
17400	5050
17960	5050
18440	5050
18840	5050
19320	5050
19640	5050
20200	5050
20920	5050
21320	5050
21720	5050
22280	5050
22760	5050
23080	5050
23480	5050
23880	5050
24360	5050
24920	5050
25480	5050
26040	5050
26600	5050
27160	5050
27640	5050
28120	5050
28680	5050
29400	5050
29960	5050
30520	5050
30920	5050
31320	5050
31720	5050
32120	5050
32600	5050
33160	5050
33640	5050
34040	5050
34680	5050
35080	5050
35720	5050
36360	5050
36680	5050
37080	5050
37480	5050
37960	5050
38440	5050
38840	5050
39160	5050
39640	5050
40120	5050
40600	5050
41000	5050
41560	5050
42040	5050
42600	5050
43160	5050
43640	5050
44040	5050
44360	5050
45000	5050
45560	5050
46040	5050
46440	5050
47000	5050
47720	5050
48120	5050
48600	5050
49160	5050
49800	5050
50360	5050
50840	5050
51080	5050
51480	5050
51960	5050
52440	5050
52920	5050
53480	5050
54040	5050
54600	5050
55320	5050
55800	5050
56200	5050
56520	5050
57080	5050
57640	5050
58120	5050
200	6050
600	6050
1080	6050
1640	6050
2280	6050
2680	6050
3080	6050
3720	6050
4040	6050
4440	6050
4760	6050
5000	6050
5240	6050
5640	6050
6200	6050
6600	6050
7000	6050
7560	6050
8040	6050
8440	6050
9080	6050
9560	6050
9960	6050
10360	6050
10760	6050
11160	6050
11560	6050
11960	6050
12440	6050
12920	6050
13400	6050
13960	6050
14280	6050
14680	6050
15000	6050
15320	6050
15720	6050
16280	6050
16760	6050
17240	6050
17720	6050
18120	6050
18600	6050
19320	6050
19800	6050
20280	6050
20760	6050
21240	6050
21800	6050
22280	6050
22760	6050
23080	6050
23560	6050
24280	6050
24760	6050
25240	6050
25720	6050
26280	6050
26840	6050
27320	6050
27880	6050
28280	6050
28600	6050
29320	6050
29720	6050
30040	6050
30600	6050
31160	6050
31720	6050
32200	6050
32760	6050
33320	6050
34200	6050
35320	6050
36120	6050
36520	6050
37000	6050
37480	6050
37960	6050
38360	6050
38760	6050
39480	6050
40280	6050
40680	6050
41000	6050
41400	6050
41800	6050
42120	6050
42440	6050
42920	6050
43320	6050
43640	6050
44040	6050
44680	6050
45160	6050
45560	6050
45960	6050
46280	6050
46760	6050
47160	6050
47640	6050
48360	6050
49640	6050
50520	6050
51080	6050
51640	6050
52120	6050
52520	6050
53080	6050
53560	6050
54040	6050
54600	6050
55320	6050
55720	6050
56120	6050
56680	6050
57160	6050
57640	6050
58120	6050
200	7050
520	7050
760	7050
1400	7050
2200	7050
2600	7050
3160	7050
3720	7050
4040	7050
4360	7050
4840	7050
5320	7050
5880	7050
6360	7050
6760	7050
7160	7050
7640	7050
8200	7050
8920	7050
9480	7050
9960	7050
10280	7050
10680	7050
11160	7050
11480	7050
11960	7050
12680	7050
13560	7050
14200	7050
14520	7050
14920	7050
15400	7050
15880	7050
16440	7050
16840	7050
17160	7050
17560	7050
17960	7050
18440	7050
19160	7050
19720	7050
20200	7050
20600	7050
21080	7050
21560	7050
22040	7050
22600	7050
23400	7050
23720	7050
24200	7050
24680	7050
25160	7050
25640	7050
26200	7050
26600	7050
27000	7050
27480	7050
27960	7050
28360	7050
28840	7050
29480	7050
30040	7050
30840	7050
31400	7050
31880	7050
32280	7050
32840	7050
33400	7050
33960	7050
34840	7050
35720	7050
36280	7050
37000	7050
37800	7050
38200	7050
38680	7050
39480	7050
40600	7050
41400	7050
41880	7050
42440	7050
42920	7050
43560	7050
44600	7050
45080	7050
45560	7050
46280	7050
47160	7050
47720	7050
48200	7050
48600	7050
48920	7050
49480	7050
50040	7050
50360	7050
50920	7050
51480	7050
52040	7050
52600	7050
53160	7050
53720	7050
54280	7050
54920	7050
55480	7050
56040	7050
56600	7050
57000	7050
57400	7050
57960	7050
200	8050
600	8050
1240	8050
2040	8050
2440	8050
2840	8050
3240	8050
3800	8050
4200	8050
4600	8050
5160	8050
5720	8050
6120	8050
6520	8050
7000	8050
7240	8050
7640	8050
8120	8050
8440	8050
8920	8050
9640	8050
10520	8050
11000	8050
11480	8050
11880	8050
12200	8050
12680	8050
13160	8050
13640	8050
14360	8050
14840	8050
15240	8050
15560	8050
16040	8050
16520	8050
17000	8050
17480	8050
17960	8050
18520	8050
19240	8050
19720	8050
20120	8050
20680	8050
21240	8050
21640	8050
21880	8050
22200	8050
22600	8050
23000	8050
23560	8050
24200	8050
24600	8050
25000	8050
25560	8050
26120	8050
26680	8050
27400	8050
28200	8050
28680	8050
29080	8050
29640	8050
30040	8050
30360	8050
30760	8050
31160	8050
31720	8050
32440	8050
33000	8050
33480	8050
33960	8050
34680	8050
35160	8050
35560	8050
35880	8050
36360	8050
36920	8050
37400	8050
37800	8050
38280	8050
39080	8050
39720	8050
40200	8050
40600	8050
40920	8050
41320	8050
41880	8050
42360	8050
43000	8050
44040	8050
44920	8050
45320	8050
45720	8050
46200	8050
46680	8050
47160	8050
47640	8050
48120	8050
48600	8050
49160	8050
49880	8050
50440	8050
50920	8050
51320	8050
51640	8050
52040	8050
52360	8050
52920	8050
53640	8050
54280	8050
54840	8050
55320	8050
55880	8050
56440	8050
57000	8050
57800	8050
200	9050
840	9050
1720	9050
2280	9050
2840	9050
3320	9050
3960	9050
4680	9050
5640	9050
6360	9050
6840	9050
7320	9050
7800	9050
8360	9050
9000	9050
9400	9050
9800	9050
10120	9050
10520	9050
11080	9050
11560	9050
12120	9050
12600	9050
12920	9050
13240	9050
13640	9050
14200	9050
14680	9050
15240	9050
15640	9050
15880	9050
16200	9050
16680	9050
17160	9050
17560	9050
18040	9050
18520	9050
19160	9050
19560	9050
20120	9050
20680	9050
21080	9050
21480	9050
21960	9050
22440	9050
22840	9050
23400	9050
24360	9050
24840	9050
25320	9050
25880	9050
26360	9050
26840	9050
27320	9050
27720	9050
28120	9050
28840	9050
29800	9050
30360	9050
30840	9050
31160	9050
31400	9050
31800	9050
32280	9050
32760	9050
33320	9050
33800	9050
34120	9050
34600	9050
35160	9050
35640	9050
36200	9050
36760	9050
37320	9050
37720	9050
38120	9050
38680	9050
39240	9050
39960	9050
40520	9050
41000	9050
41720	9050
42520	9050
43080	9050
43560	9050
44040	9050
44680	9050
45160	9050
45640	9050
46200	9050
46760	9050
47320	9050
47880	9050
48280	9050
48680	9050
49240	9050
49880	9050
50120	9050
50440	9050
50840	9050
51400	9050
52200	9050
52760	9050
53160	9050
53560	9050
54040	9050
54360	9050
54920	9050
55480	9050
56040	9050
56600	9050
57160	9050
57640	9050
58120	9050
200	10050
840	10050
1640	10050
1960	10050
2440	10050
2760	10050
3240	10050
3880	10050
4200	10050
4600	10050
5160	10050
5720	10050
6200	10050
6680	10050
7160	10050
7640	10050
8200	10050
8920	10050
9480	10050
10040	10050
10600	10050
11080	10050
11480	10050
11960	10050
12440	10050
12840	10050
13080	10050
13880	10050
14680	10050
15080	10050
15480	10050
15880	10050
16440	10050
17000	10050
17560	10050
18120	10050
18600	10050
19080	10050
19560	10050
20040	10050
20520	10050
21080	10050
21560	10050
22120	10050
22600	10050
23000	10050
23400	10050
23880	10050
24440	10050
24920	10050
25400	10050
25880	10050
26280	10050
26680	10050
27240	10050
27720	10050
28280	10050
28760	10050
29480	10050
29960	10050
30520	10050
31080	10050
31480	10050
31800	10050
32360	10050
32840	10050
33240	10050
33720	10050
34360	10050
34920	10050
35320	10050
35720	10050
36280	10050
36840	10050
37400	10050
37880	10050
38360	10050
38920	10050
39560	10050
39880	10050
40440	10050
40840	10050
41400	10050
42040	10050
42360	10050
42760	10050
43240	10050
43640	10050
44520	10050
45320	10050
45720	10050
46040	10050
46440	10050
46920	10050
47400	10050
48040	10050
49080	10050
49960	10050
50360	10050
50760	10050
51320	10050
51800	10050
52360	10050
53080	10050
53480	10050
53880	10050
54200	10050
54840	10050
55400	10050
55880	10050
56440	10050
56920	10050
57480	10050
58040	10050
200	11050
600	11050
1240	11050
2040	11050
2600	11050
3000	11050
3400	11050
4120	11050
4600	11050
5160	11050
5640	11050
6200	11050
6680	11050
7240	11050
7800	11050
8280	11050
8920	11050
9400	11050
9880	11050
10280	11050
10840	11050
11240	11050
11560	11050
11960	11050
12440	11050
12920	11050
13400	11050
14120	11050
14680	11050
15160	11050
15560	11050
16120	11050
16600	11050
17000	11050
17320	11050
17720	11050
18120	11050
18520	11050
19160	11050
19640	11050
20120	11050
20600	11050
21160	11050
21960	11050
22680	11050
23080	11050
23560	11050
24280	11050
24840	11050
25320	11050
25800	11050
26280	11050
26680	11050
27160	11050
27640	11050
28200	11050
28600	11050
29000	11050
29720	11050
30200	11050
30600	11050
30920	11050
31720	11050
32520	11050
33080	11050
33560	11050
34120	11050
34760	11050
35240	11050
35640	11050
36040	11050
36520	11050
36920	11050
37480	11050
37960	11050
38360	11050
38840	11050
39320	11050
39880	11050
40440	11050
41000	11050
41560	11050
41960	11050
42280	11050
42840	11050
43400	11050
43880	11050
44600	11050
45000	11050
45400	11050
45800	11050
46040	11050
46440	11050
47000	11050
47720	11050
48600	11050
49000	11050
49400	11050
50120	11050
50600	11050
51320	11050
52120	11050
52600	11050
53000	11050
53320	11050
53800	11050
54280	11050
54680	11050
55320	11050
55880	11050
56440	11050
57000	11050
57480	11050
58040	11050
200	12050
920	12050
1720	12050
2120	12050
2600	12050
3000	12050
3320	12050
3880	12050
4200	12050
4520	12050
5000	12050
5560	12050
5960	12050
6280	12050
6680	12050
7080	12050
7640	12050
8200	12050
8920	12050
9400	12050
9880	12050
10440	12050
11000	12050
11400	12050
11800	12050
12520	12050
13320	12050
13960	12050
14360	12050
14840	12050
15240	12050
15560	12050
16040	12050
16520	12050
17160	12050
17880	12050
18120	12050
18440	12050
18760	12050
19240	12050
19640	12050
20040	12050
20360	12050
20760	12050
21160	12050
21480	12050
22120	12050
22840	12050
23160	12050
23480	12050
24280	12050
25000	12050
25240	12050
25560	12050
25960	12050
26440	12050
26920	12050
27400	12050
27800	12050
28360	12050
28920	12050
29640	12050
30040	12050
30440	12050
31000	12050
31560	12050
32120	12050
32680	12050
33240	12050
33800	12050
34520	12050
35000	12050
35480	12050
36040	12050
36520	12050
37000	12050
37400	12050
37960	12050
38520	12050
39080	12050
39800	12050
40280	12050
40840	12050
41400	12050
41880	12050
42360	12050
42760	12050
43240	12050
43560	12050
43800	12050
44200	12050
44840	12050
45560	12050
46280	12050
46760	12050
47320	12050
47720	12050
48040	12050
48520	12050
49000	12050
49320	12050
49880	12050
50360	12050
51000	12050
51720	12050
52280	12050
52680	12050
53080	12050
53640	12050
54200	12050
54840	12050
55320	12050
55720	12050
56280	12050
56760	12050
57320	12050
57880	12050
58360	12050
200	13050
600	13050
1080	13050
1640	13050
2120	13050
2520	13050
3000	13050
3720	13050
4280	13050
4840	13050
5240	13050
5640	13050
6120	13050
6520	13050
7000	13050
7560	13050
8040	13050
8920	13050
9640	13050
10040	13050
10760	13050
11640	13050
12200	13050
12680	13050
13080	13050
13400	13050
13960	13050
14440	13050
14920	13050
15400	13050
15880	13050
16360	13050
16760	13050
17240	13050
17560	13050
17960	13050
18520	13050
19480	13050
19960	13050
20280	13050
20760	13050
21160	13050
21480	13050
22040	13050
22520	13050
22840	13050
23160	13050
23560	13050
24200	13050
24600	13050
24920	13050
25320	13050
25720	13050
26120	13050
26520	13050
26840	13050
27320	13050
27720	13050
28280	13050
28760	13050
29320	13050
29640	13050
30200	13050
30760	13050
31320	13050
31800	13050
32360	13050
32920	13050
33400	13050
33960	13050
34600	13050
35080	13050
35880	13050
36760	13050
37320	13050
37880	13050
38360	13050
38920	13050
39320	13050
39800	13050
40200	13050
40760	13050
41320	13050
42120	13050
43000	13050
43400	13050
43720	13050
44120	13050
44680	13050
45240	13050
45800	13050
46360	13050
46840	13050
47400	13050
47960	13050
48360	13050
48760	13050
49320	13050
49960	13050
50360	13050
51080	13050
51880	13050
52360	13050
53080	13050
53800	13050
54200	13050
54600	13050
55160	13050
55560	13050
56040	13050
56520	13050
57080	13050
57560	13050
58040	13050
200	14050
600	14050
1080	14050
1800	14050
2680	14050
3240	14050
3800	14050
4120	14050
4520	14050
4920	14050
5400	14050
5800	14050
6120	14050
6440	14050
6760	14050
7080	14050
7560	14050
8120	14050
8840	14050
9320	14050
9640	14050
10200	14050
11160	14050
11800	14050
12120	14050
12600	14050
12920	14050
13400	14050
13960	14050
14200	14050
14520	14050
14920	14050
15320	14050
15720	14050
16120	14050
16680	14050
17400	14050
17800	14050
18200	14050
18680	14050
19160	14050
19400	14050
19640	14050
20040	14050
20520	14050
21080	14050
21640	14050
22360	14050
23160	14050
24040	14050
24840	14050
25400	14050
25880	14050
26200	14050
26520	14050
26760	14050
27080	14050
27400	14050
27720	14050
28200	14050
28760	14050
29320	14050
29640	14050
30120	14050
30520	14050
31000	14050
31400	14050
31880	14050
32360	14050
32760	14050
33240	14050
33800	14050
34440	14050
35000	14050
35560	14050
36120	14050
36680	14050
37160	14050
37720	14050
38200	14050
38760	14050
39240	14050
39960	14050
40520	14050
41080	14050
41480	14050
41880	14050
42440	14050
43000	14050
43480	14050
43960	14050
44600	14050
45080	14050
45560	14050
46120	14050
46600	14050
47160	14050
47640	14050
47960	14050
48360	14050
48680	14050
49080	14050
50040	14050
51000	14050
51720	14050
52200	14050
52520	14050
53000	14050
53480	14050
53960	14050
54360	14050
55000	14050
55560	14050
56120	14050
56680	14050
57160	14050
57720	14050
58200	14050
200	15050
600	15050
1080	15050
1640	15050
2120	15050
2520	15050
2840	15050
3320	15050
3960	15050
4440	15050
4920	15050
5480	15050
5960	15050
6440	15050
7000	15050
7480	15050
7960	15050
8440	15050
9000	15050
9480	15050
9880	15050
10200	15050
10680	15050
11160	15050
11480	15050
11720	15050
12120	15050
12600	15050
13080	15050
13640	15050
14200	15050
14600	15050
15160	15050
15880	15050
16600	15050
17000	15050
17400	15050
17960	15050
18760	15050
19400	15050
19800	15050
20040	15050
20360	15050
20840	15050
21320	15050
21800	15050
22200	15050
22680	15050
23160	15050
23560	15050
24120	15050
24600	15050
25080	15050
25480	15050
25880	15050
26440	15050
26920	15050
27320	15050
27640	15050
28120	15050
28760	15050
29880	15050
30680	15050
31160	15050
31560	15050
32200	15050
32920	15050
33560	15050
34440	15050
35000	15050
35480	15050
35880	15050
36280	15050
36840	15050
37400	15050
37960	15050
38440	15050
38920	15050
39480	15050
39960	15050
40360	15050
40760	15050
41320	15050
41880	15050
42440	15050
43000	15050
43400	15050
43720	15050
44200	15050
44840	15050
45320	15050
45800	15050
46360	15050
47160	15050
48280	15050
49160	15050
49800	15050
50280	15050
50840	15050
51320	15050
51720	15050
52280	15050
52760	15050
53160	15050
53560	15050
54120	15050
54520	15050
55000	15050
55320	15050
55640	15050
56040	15050
56440	15050
56840	15050
57160	15050
57800	15050
200	16050
680	16050
1240	16050
1800	16050
2280	16050
2680	16050
3160	16050
3800	16050
4200	16050
4600	16050
4920	16050
5320	16050
5800	16050
6280	16050
6680	16050
7080	16050
7560	16050
8040	16050
8520	16050
9160	16050
9640	16050
9960	16050
10440	16050
10840	16050
11240	16050
11720	16050
12200	16050
12680	16050
13000	16050
13400	16050
13960	16050
14440	16050
14840	16050
15160	16050
15560	16050
16280	16050
17080	16050
17640	16050
18040	16050
18360	16050
18840	16050
19480	16050
19960	16050
20520	16050
21000	16050
21480	16050
21960	16050
22280	16050
22680	16050
23400	16050
24520	16050
25240	16050
25560	16050
25880	16050
26520	16050
27320	16050
27800	16050
28120	16050
28520	16050
29400	16050
30040	16050
30360	16050
30680	16050
31000	16050
31400	16050
31800	16050
32120	16050
32680	16050
33320	16050
33720	16050
34440	16050
35160	16050
35880	16050
36360	16050
36920	16050
37400	16050
37800	16050
38280	16050
38760	16050
39240	16050
39800	16050
40200	16050
40760	16050
41320	16050
41800	16050
42280	16050
42760	16050
43320	16050
43720	16050
44120	16050
44680	16050
45080	16050
45640	16050
46040	16050
46440	16050
47000	16050
47400	16050
47720	16050
48360	16050
49160	16050
49880	16050
50280	16050
50600	16050
51080	16050
51560	16050
51880	16050
52520	16050
53320	16050
53720	16050
54040	16050
54360	16050
55000	16050
55560	16050
56120	16050
56680	16050
57160	16050
57640	16050
58040	16050
58360	16050
200	17050
680	17050
1160	17050
1640	17050
2040	17050
2520	17050
2920	17050
3640	17050
4040	17050
4440	17050
4920	17050
5240	17050
5640	17050
6040	17050
6360	17050
6920	17050
7320	17050
7640	17050
8040	17050
8520	17050
9240	17050
9960	17050
10440	17050
11080	17050
11880	17050
12440	17050
12840	17050
13240	17050
13880	17050
14280	17050
14680	17050
15240	17050
15880	17050
16600	17050
17080	17050
17480	17050
17720	17050
18040	17050
18360	17050
18760	17050
19480	17050
19960	17050
20360	17050
20840	17050
21320	17050
21880	17050
22360	17050
22760	17050
23240	17050
23720	17050
24280	17050
24600	17050
25080	17050
25560	17050
26040	17050
26440	17050
26760	17050
27240	17050
27720	17050
28040	17050
28280	17050
28680	17050
29560	17050
30200	17050
30520	17050
31080	17050
31640	17050
32120	17050
32520	17050
33000	17050
33480	17050
34040	17050
34760	17050
35240	17050
35720	17050
36200	17050
36520	17050
36840	17050
37160	17050
37640	17050
38360	17050
39080	17050
40120	17050
40600	17050
41000	17050
41320	17050
41640	17050
42120	17050
42600	17050
43160	17050
43640	17050
44200	17050
44920	17050
45320	17050
45640	17050
46200	17050
46680	17050
47000	17050
47320	17050
47800	17050
48200	17050
48520	17050
49080	17050
50200	17050
51240	17050
52120	17050
52600	17050
53080	17050
53400	17050
53720	17050
54120	17050
54600	17050
55240	17050
55640	17050
56120	17050
56600	17050
57080	17050
57560	17050
58040	17050
200	18050
520	18050
1000	18050
1560	18050
1960	18050
2280	18050
2760	18050
3240	18050
3800	18050
4120	18050
4520	18050
4920	18050
5320	18050
5800	18050
6200	18050
6680	18050
7000	18050
7400	18050
7960	18050
8600	18050
9320	18050
10120	18050
10680	18050
11160	18050
11720	18050
12280	18050
12760	18050
13240	18050
13960	18050
14440	18050
14840	18050
15160	18050
15560	18050
16120	18050
16520	18050
16840	18050
17240	18050
17640	18050
18120	18050
18440	18050
18760	18050
19400	18050
19880	18050
20440	18050
20920	18050
21400	18050
21880	18050
22200	18050
22680	18050
23000	18050
23320	18050
23720	18050
24280	18050
24840	18050
25320	18050
25720	18050
26280	18050
26760	18050
27240	18050
28040	18050
28600	18050
29080	18050
29640	18050
30040	18050
30600	18050
31160	18050
31640	18050
32200	18050
32760	18050
33160	18050
33480	18050
33960	18050
34600	18050
35080	18050
35640	18050
36200	18050
36680	18050
37240	18050
37640	18050
37960	18050
38440	18050
38920	18050
39560	18050
39960	18050
40280	18050
40600	18050
41080	18050
41640	18050
42200	18050
42760	18050
43320	18050
43880	18050
44600	18050
45160	18050
45640	18050
46120	18050
46600	18050
47080	18050
47560	18050
48120	18050
48680	18050
49080	18050
49320	18050
49880	18050
50440	18050
51000	18050
51480	18050
51800	18050
52200	18050
52600	18050
52920	18050
53400	18050
53880	18050
54360	18050
54920	18050
55400	18050
55640	18050
55960	18050
56520	18050
57080	18050
57560	18050
58040	18050
58360	18050
280	19050
760	19050
1160	19050
1480	19050
1880	19050
2440	19050
3000	19050
3720	19050
4200	19050
4760	19050
5240	19050
6040	19050
6920	19050
7400	19050
7880	19050
8280	19050
8920	19050
9400	19050
9880	19050
10440	19050
11000	19050
11480	19050
12040	19050
12440	19050
12760	19050
13080	19050
13400	19050
13960	19050
14280	19050
14520	19050
14840	19050
15240	19050
15720	19050
16200	19050
16760	19050
17240	19050
17720	19050
18200	19050
18520	19050
18840	19050
19640	19050
20520	19050
21000	19050
21400	19050
21880	19050
22280	19050
22680	19050
23240	19050
23720	19050
24280	19050
24600	19050
25080	19050
25560	19050
25960	19050
26360	19050
26840	19050
27320	19050
27880	19050
28360	19050
28680	19050
29320	19050
29880	19050
30360	19050
30760	19050
31320	19050
31800	19050
32120	19050
32680	19050
33080	19050
33640	19050
34760	19050
35560	19050
35960	19050
36440	19050
37160	19050
37640	19050
38120	19050
38680	19050
39160	19050
39880	19050
40360	19050
40920	19050
41480	19050
42040	19050
42600	19050
43160	19050
43720	19050
44200	19050
44920	19050
45400	19050
45800	19050
46200	19050
46760	19050
47240	19050
47800	19050
48360	19050
48920	19050
49480	19050
50040	19050
50440	19050
50920	19050
51400	19050
51880	19050
52200	19050
52600	19050
53080	19050
53560	19050
53960	19050
54360	19050
55000	19050
55480	19050
56120	19050
56840	19050
57400	19050
57880	19050
58280	19050
200	20050
600	20050
1000	20050
1400	20050
1800	20050
2120	20050
2520	20050
3000	20050
3400	20050
3960	20050
4440	20050
4920	20050
5240	20050
5560	20050
5880	20050
6280	20050
6760	20050
7240	20050
7720	20050
8200	20050
8920	20050
9480	20050
9960	20050
10520	20050
11080	20050
11640	20050
12200	20050
13000	20050
13720	20050
14280	20050
14760	20050
15240	20050
15560	20050
16120	20050
16600	20050
17000	20050
17560	20050
18120	20050
18680	20050
19320	20050
20040	20050
20840	20050
21320	20050
21880	20050
22440	20050
22920	20050
23320	20050
23640	20050
24360	20050
24840	20050
25240	20050
25560	20050
25800	20050
26200	20050
26680	20050
27080	20050
27320	20050
27720	20050
28200	20050
28600	20050
28920	20050
29480	20050
30200	20050
31000	20050
31480	20050
31960	20050
32360	20050
32680	20050
33080	20050
33560	20050
34040	20050
34760	20050
35480	20050
35880	20050
36440	20050
37320	20050
38040	20050
38440	20050
38920	20050
39640	20050
40200	20050
40680	20050
41160	20050
41720	20050
42200	20050
42600	20050
43320	20050
44120	20050
44840	20050
45240	20050
45640	20050
46200	20050
46680	20050
47240	20050
47720	20050
48120	20050
48600	20050
49160	20050
49560	20050
50120	20050
50520	20050
50840	20050
51320	20050
51720	20050
52200	20050
52680	20050
53080	20050
53640	20050
54280	20050
54840	20050
55320	20050
55800	20050
56360	20050
56760	20050
57160	20050
57560	20050
57800	20050
58120	20050
200	21050
680	21050
1240	21050
1720	21050
2200	21050
2680	21050
3240	21050
3960	21050
4360	21050
4760	21050
5240	21050
5720	21050
6280	21050
6840	21050
7400	21050
7800	21050
8040	21050
8280	21050
9000	21050
9720	21050
10120	21050
10520	21050
11000	21050
11560	21050
12040	21050
12600	21050
13160	21050
13640	21050
14360	21050
14840	21050
15400	21050
16120	21050
16600	21050
17080	21050
17480	21050
17800	21050
18200	21050
18680	21050
19320	21050
19800	21050
20360	21050
20920	21050
21480	21050
22040	21050
22600	21050
23080	21050
23560	21050
24200	21050
24760	21050
25320	21050
25720	21050
26200	21050
26600	21050
27080	21050
27640	21050
28200	21050
28840	21050
29800	21050
30280	21050
30680	21050
31320	21050
32040	21050
32600	21050
33080	21050
33560	21050
33960	21050
34440	21050
34920	21050
35400	21050
35800	21050
36440	21050
37160	21050
37560	21050
38120	21050
38680	21050
39160	21050
39800	21050
40200	21050
40680	21050
41160	21050
41640	21050
42120	21050
42680	21050
43240	21050
43720	21050
44120	21050
44600	21050
45080	21050
45560	21050
46120	21050
46680	21050
47160	21050
47720	21050
48280	21050
48680	21050
49240	21050
50280	21050
50760	21050
51160	21050
51800	21050
52760	21050
53480	21050
53880	21050
54280	21050
54840	21050
55320	21050
55720	21050
56120	21050
56600	21050
57320	21050
58120	21050
280	22050
1000	22050
1880	22050
2440	22050
2920	22050
3240	22050
3960	22050
4440	22050
5000	22050
5560	22050
6040	22050
6600	22050
7080	22050
7560	22050
8280	22050
9240	22050
9560	22050
9800	22050
10200	22050
10680	22050
11240	22050
11720	22050
12200	22050
12760	22050
13240	22050
13640	22050
14360	22050
15240	22050
15720	22050
16120	22050
16520	22050
17080	22050
17640	22050
18200	22050
18680	22050
19400	22050
19800	22050
20200	22050
20760	22050
21240	22050
21720	22050
22120	22050
22520	22050
23000	22050
23640	22050
24600	22050
25320	22050
26040	22050
26600	22050
27160	22050
27640	22050
28040	22050
28440	22050
28920	22050
29560	22050
30120	22050
30920	22050
31400	22050
31880	22050
32360	22050
32920	22050
33400	22050
33720	22050
34120	22050
34760	22050
35240	22050
35640	22050
36040	22050
36600	22050
37160	22050
37720	22050
38200	22050
38760	22050
39480	22050
40040	22050
40440	22050
40760	22050
41320	22050
41880	22050
42440	22050
42920	22050
43320	22050
43800	22050
44280	22050
45240	22050
46120	22050
46680	22050
47240	22050
47720	22050
48120	22050
48680	22050
49640	22050
50440	22050
50840	22050
51240	22050
51560	22050
51960	22050
52440	22050
52920	22050
53320	22050
53880	22050
54280	22050
54600	22050
55240	22050
55720	22050
56040	22050
56520	22050
57080	22050
57640	22050
58120	22050
280	23050
840	23050
1400	23050
1880	23050
2440	23050
2920	23050
3640	23050
4040	23050
4440	23050
5000	23050
5560	23050
6280	23050
7000	23050
7320	23050
7800	23050
8280	23050
8600	23050
9160	23050
9560	23050
9880	23050
10280	23050
10600	23050
10920	23050
11320	23050
11720	23050
12200	23050
12680	23050
13160	23050
13640	23050
14280	23050
14680	23050
15000	23050
15400	23050
15800	23050
16200	23050
16760	23050
17240	23050
17720	23050
18200	23050
18600	23050
19160	23050
19720	23050
20120	23050
20520	23050
21080	23050
21560	23050
21880	23050
22280	23050
22680	23050
23080	23050
23480	23050
23800	23050
24280	23050
24680	23050
25240	23050
25640	23050
26040	23050
26520	23050
26920	23050
27400	23050
27960	23050
28760	23050
29640	23050
30440	23050
30920	23050
31320	23050
31640	23050
31880	23050
32120	23050
32440	23050
32760	23050
33080	23050
33480	23050
34360	23050
35320	23050
36280	23050
37240	23050
37880	23050
38440	23050
39160	23050
39800	23050
40280	23050
40760	23050
41320	23050
41800	23050
42360	23050
42920	23050
43560	23050
44120	23050
44840	23050
45320	23050
46040	23050
46920	23050
47320	23050
47720	23050
48280	23050
48760	23050
49240	23050
49800	23050
50200	23050
50760	23050
51240	23050
51720	23050
52200	23050
52600	23050
52920	23050
53320	23050
53640	23050
53960	23050
54280	23050
54920	23050
55400	23050
55720	23050
56040	23050
56440	23050
56920	23050
57400	23050
57800	23050
58200	23050
120	24050
440	24050
840	24050
1320	24050
1800	24050
2280	24050
2600	24050
3000	24050
3720	24050
4280	24050
4760	24050
5320	24050
5720	24050
6120	24050
6600	24050
7000	24050
7560	24050
7960	24050
8680	24050
9480	24050
10040	24050
10600	24050
11160	24050
11560	24050
11880	24050
12440	24050
13000	24050
13480	24050
14120	24050
14440	24050
14920	24050
15720	24050
16280	24050
16840	24050
17400	24050
17960	24050
18520	24050
19160	24050
19640	24050
20120	24050
20520	24050
20840	24050
21240	24050
21640	24050
22200	24050
22760	24050
23240	24050
23560	24050
23960	24050
24600	24050
25000	24050
25320	24050
25640	24050
25960	24050
26360	24050
26760	24050
27240	24050
27720	24050
28200	24050
28600	24050
29240	24050
29800	24050
30280	24050
30760	24050
31240	24050
31640	24050
32040	24050
32360	24050
32920	24050
33560	24050
34280	24050
34920	24050
35160	24050
35480	24050
35960	24050
36920	24050
37880	24050
38600	24050
39000	24050
39560	24050
39960	24050
40360	24050
40840	24050
41320	24050
41800	24050
42200	24050
42760	24050
43160	24050
43560	24050
44120	24050
44760	24050
45320	24050
45800	24050
46200	24050
46600	24050
47160	24050
47560	24050
47960	24050
48440	24050
48920	24050
49400	24050
49960	24050
50440	24050
50760	24050
51400	24050
52200	24050
52680	24050
53080	24050
53480	24050
53880	24050
54440	24050
55160	24050
55640	24050
56040	24050
56440	24050
57160	24050
57960	24050
280	25050
840	25050
1240	25050
1640	25050
2040	25050
2440	25050
2920	25050
3400	25050
4120	25050
4680	25050
5240	25050
5720	25050
6280	25050
6840	25050
7400	25050
7800	25050
8120	25050
8760	25050
9160	25050
9720	25050
10680	25050
11240	25050
11640	25050
12360	25050
13160	25050
13640	25050
14280	25050
14840	25050
15320	25050
15880	25050
16520	25050
17320	25050
17800	25050
18280	25050
18680	25050
19560	25050
20280	25050
20680	25050
21160	25050
21640	25050
22120	25050
22600	25050
23080	25050
23480	25050
23880	25050
24440	25050
24840	25050
25080	25050
25400	25050
25880	25050
26440	25050
26920	25050
27320	25050
27720	25050
28040	25050
28520	25050
28920	25050
29560	25050
30280	25050
30600	25050
31000	25050
31560	25050
31960	25050
32520	25050
33240	25050
33720	25050
34120	25050
34760	25050
35320	25050
35800	25050
36280	25050
36840	25050
37560	25050
37960	25050
38360	25050
38760	25050
39160	25050
39720	25050
40120	25050
40520	25050
41160	25050
42040	25050
42600	25050
43080	25050
43800	25050
44760	25050
45160	25050
45560	25050
46040	25050
46600	25050
47160	25050
47640	25050
48200	25050
48760	25050
49160	25050
49720	25050
50280	25050
50760	25050
51400	25050
52120	25050
52760	25050
53480	25050
53880	25050
54440	25050
55080	25050
55560	25050
56040	25050
56600	25050
57160	25050
57720	25050
58200	25050
200	26050
600	26050
1000	26050
1400	26050
1800	26050
2200	26050
2600	26050
3000	26050
3400	26050
3880	26050
4360	26050
4840	26050
5320	26050
5800	26050
6280	26050
6760	26050
7240	26050
7560	26050
7800	26050
8120	26050
8760	26050
9480	26050
10280	26050
10840	26050
11320	26050
11880	26050
12360	26050
12840	26050
13400	26050
14040	26050
14600	26050
15160	26050
15720	26050
16200	26050
16680	26050
17160	26050
17640	26050
18040	26050
18360	26050
19080	26050
19560	26050
19880	26050
20440	26050
20920	26050
21320	26050
21720	26050
22120	26050
22520	26050
22840	26050
23400	26050
23880	26050
24440	26050
24920	26050
25400	26050
25880	26050
26280	26050
26600	26050
27080	26050
27560	26050
28120	26050
29160	26050
29800	26050
30200	26050
30760	26050
31320	26050
32040	26050
32760	26050
33320	26050
33880	26050
34520	26050
34840	26050
35400	26050
36120	26050
36760	26050
37800	26050
38840	26050
40120	26050
40840	26050
41240	26050
41720	26050
42120	26050
42680	26050
43240	26050
43800	26050
44280	26050
44920	26050
45480	26050
46040	26050
46440	26050
46840	26050
47400	26050
47880	26050
48440	26050
49000	26050
49720	26050
50120	26050
50440	26050
50920	26050
51640	26050
52440	26050
53000	26050
53480	26050
53960	26050
54840	26050
55320	26050
55640	26050
56040	26050
56520	26050
56920	26050
57480	26050
58040	26050
200	27050
600	27050
1160	27050
1720	27050
2200	27050
2680	27050
3160	27050
3800	27050
4200	27050
4520	27050
4920	27050
5480	27050
5880	27050
6200	27050
6600	27050
7000	27050
7320	27050
7560	27050
7960	27050
8440	27050
8920	27050
9320	27050
9640	27050
10040	27050
10440	27050
10840	27050
11400	27050
12120	27050
12440	27050
12920	27050
13400	27050
13960	27050
14520	27050
15000	27050
15480	27050
16040	27050
16600	27050
17160	27050
17720	27050
18280	27050
18760	27050
19320	27050
19880	27050
20440	27050
20920	27050
21400	27050
21880	27050
22280	27050
22600	27050
23000	27050
23400	27050
23720	27050
24200	27050
24600	27050
25000	27050
25400	27050
25720	27050
26200	27050
26760	27050
27240	27050
27720	27050
28120	27050
28520	27050
28920	27050
29560	27050
29960	27050
30360	27050
30760	27050
31080	27050
31560	27050
31960	27050
32360	27050
32760	27050
33160	27050
33640	27050
34120	27050
34600	27050
35160	27050
35800	27050
36200	27050
36680	27050
37000	27050
37480	27050
37960	27050
38520	27050
39080	27050
39800	27050
40360	27050
40920	27050
41320	27050
41640	27050
42040	27050
42600	27050
43000	27050
43320	27050
43800	27050
44360	27050
44920	27050
45240	27050
45800	27050
46360	27050
46920	27050
47400	27050
47880	27050
48280	27050
48840	27050
49320	27050
49960	27050
50520	27050
51080	27050
51640	27050
52120	27050
52600	27050
53080	27050
53480	27050
53960	27050
54520	27050
55160	27050
55480	27050
55800	27050
56280	27050
56840	27050
57400	27050
57960	27050
280	28050
760	28050
1160	28050
1480	28050
1960	28050
2520	28050
3080	28050
3720	28050
4120	28050
4520	28050
5000	28050
5480	28050
5960	28050
6440	28050
6920	28050
7320	28050
8040	28050
8920	28050
9320	28050
9720	28050
10360	28050
11080	28050
11480	28050
11880	28050
12200	28050
12840	28050
13640	28050
14280	28050
14840	28050
15400	28050
15880	28050
16440	28050
17160	28050
18040	28050
18600	28050
19160	28050
19560	28050
20120	28050
20680	28050
21160	28050
21560	28050
21880	28050
22280	28050
22760	28050
23480	28050
24360	28050
24680	28050
25080	28050
25640	28050
26120	28050
26520	28050
27000	28050
27480	28050
27880	28050
28280	28050
28680	28050
29640	28050
31240	28050
32360	28050
33320	28050
34680	28050
35080	28050
35640	28050
36520	28050
37080	28050
37480	28050
37880	28050
38360	28050
38920	28050
39640	28050
40120	28050
40600	28050
41000	28050
41240	28050
41640	28050
42040	28050
42360	28050
42920	28050
43480	28050
43960	28050
44360	28050
45000	28050
45560	28050
46040	28050
46520	28050
46840	28050
47400	28050
47960	28050
48440	28050
48920	28050
49400	28050
49960	28050
50280	28050
50760	28050
51320	28050
51880	28050
52440	28050
53000	28050
53560	28050
54040	28050
54520	28050
55240	28050
55720	28050
56200	28050
56760	28050
57160	28050
57560	28050
58120	28050
280	29050
760	29050
1080	29050
1640	29050
2120	29050
2520	29050
2920	29050
3400	29050
3960	29050
4280	29050
4840	29050
5400	29050
5960	29050
6520	29050
7240	29050
8040	29050
8520	29050
9080	29050
9400	29050
9880	29050
10360	29050
10760	29050
11240	29050
11640	29050
12040	29050
12760	29050
13480	29050
14120	29050
14600	29050
15080	29050
15560	29050
15960	29050
16360	29050
16760	29050
17160	29050
17560	29050
17960	29050
18520	29050
19160	29050
19560	29050
20040	29050
20440	29050
21000	29050
21800	29050
22280	29050
22760	29050
23240	29050
23720	29050
24280	29050
24760	29050
25240	29050
25720	29050
26200	29050
26680	29050
27480	29050
28680	29050
29400	29050
30040	29050
30760	29050
31160	29050
31720	29050
32120	29050
32440	29050
32840	29050
33240	29050
33720	29050
34200	29050
34680	29050
35240	29050
35800	29050
36440	29050
37320	29050
37800	29050
38200	29050
38760	29050
39240	29050
39880	29050
40360	29050
41080	29050
41800	29050
42200	29050
42600	29050
43000	29050
43720	29050
44760	29050
45240	29050
45720	29050
46520	29050
47320	29050
47720	29050
48040	29050
48600	29050
49160	29050
49800	29050
50200	29050
50760	29050
51320	29050
51880	29050
52360	29050
52840	29050
53320	29050
53800	29050
54280	29050
54600	29050
55160	29050
55880	29050
56600	29050
57000	29050
57400	29050
57640	29050
58040	29050
280	30050
840	30050
1320	30050
1800	30050
2520	30050
3400	30050
4040	30050
4520	30050
5080	30050
5560	30050
5960	30050
6200	30050
6600	30050
7080	30050
7560	30050
8040	30050
8440	30050
9080	30050
9480	30050
9800	30050
10200	30050
10680	30050
11160	30050
11560	30050
11880	30050
12280	30050
12680	30050
13000	30050
13400	30050
14120	30050
14920	30050
15400	30050
15800	30050
16280	30050
16520	30050
16920	30050
17480	30050
18040	30050
18520	30050
19160	30050
19480	30050
19960	30050
20440	30050
21000	30050
21560	30050
22040	30050
22520	30050
23000	30050
23560	30050
23960	30050
24440	30050
25000	30050
25480	30050
25880	30050
26120	30050
26520	30050
27080	30050
27800	30050
28600	30050
29320	30050
29800	30050
30200	30050
30760	30050
31240	30050
31640	30050
32040	30050
32440	30050
32920	30050
33400	30050
33720	30050
33960	30050
34680	30050
35560	30050
36040	30050
36440	30050
36840	30050
37240	30050
37800	30050
38360	30050
38920	30050
39560	30050
39880	30050
40360	30050
40840	30050
41240	30050
41720	30050
42280	30050
42840	30050
43400	30050
43960	30050
44680	30050
45160	30050
45640	30050
46120	30050
46440	30050
46920	30050
47400	30050
47800	30050
48200	30050
48680	30050
49080	30050
49480	30050
50200	30050
50680	30050
51240	30050
51800	30050
52440	30050
53240	30050
53720	30050
54280	30050
55240	30050
55720	30050
56280	30050
56840	30050
57320	30050
57880	30050
58360	30050
280	31050
840	31050
1320	31050
1800	31050
2360	31050
2920	31050
3400	31050
3800	31050
4120	31050
4680	31050
5240	31050
5720	31050
6200	31050
6600	31050
6920	31050
7480	31050
7880	31050
8280	31050
9000	31050
9480	31050
9880	31050
10440	31050
10920	31050
11320	31050
11720	31050
12200	31050
12680	31050
13240	31050
13640	31050
14200	31050
14680	31050
15000	31050
15320	31050
15640	31050
15960	31050
16680	31050
17560	31050
18040	31050
18600	31050
19320	31050
19880	31050
20360	31050
20840	31050
21240	31050
21800	31050
22440	31050
22840	31050
23400	31050
23800	31050
24360	31050
24920	31050
25400	31050
25880	31050
26360	31050
26920	31050
27320	31050
28120	31050
29320	31050
29720	31050
30680	31050
31800	31050
32680	31050
33880	31050
34440	31050
34760	31050
35160	31050
35480	31050
35960	31050
36200	31050
36600	31050
37160	31050
37640	31050
38200	31050
38760	31050
39480	31050
40040	31050
40600	31050
41160	31050
41640	31050
42120	31050
42520	31050
42920	31050
43400	31050
43880	31050
44280	31050
44920	31050
45480	31050
46040	31050
46600	31050
47080	31050
47640	31050
48120	31050
48680	31050
49560	31050
50520	31050
51240	31050
51960	31050
52760	31050
53160	31050
53480	31050
53880	31050
54280	31050
54920	31050
55480	31050
55880	31050
56280	31050
56840	31050
57400	31050
57960	31050
58440	31050
200	32050
840	32050
1720	32050
2280	32050
2840	32050
3320	32050
3880	32050
4280	32050
4840	32050
5320	32050
5720	32050
6200	32050
6600	32050
7000	32050
7400	32050
7880	32050
8280	32050
8840	32050
9160	32050
9560	32050
10040	32050
10520	32050
11000	32050
11560	32050
12120	32050
12600	32050
13000	32050
13400	32050
14040	32050
14440	32050
14840	32050
15400	32050
16200	32050
16760	32050
17320	32050
17880	32050
18360	32050
19000	32050
19560	32050
20040	32050
20520	32050
21080	32050
21640	32050
22200	32050
22760	32050
23320	32050
23800	32050
24520	32050
25080	32050
25560	32050
26040	32050
26520	32050
26840	32050
27080	32050
27400	32050
27800	32050
28200	32050
28520	32050
29240	32050
29800	32050
30360	32050
31080	32050
32120	32050
33320	32050
34600	32050
35320	32050
35720	32050
36120	32050
36520	32050
36920	32050
37320	32050
37800	32050
38280	32050
38680	32050
39160	32050
39800	32050
40360	32050
40760	32050
41080	32050
41640	32050
42120	32050
42600	32050
43080	32050
43560	32050
43960	32050
44680	32050
45160	32050
45480	32050
46040	32050
46600	32050
47160	32050
47720	32050
48280	32050
48680	32050
49000	32050
49480	32050
50200	32050
50680	32050
51240	32050
51720	32050
52200	32050
52680	32050
53000	32050
53400	32050
53960	32050
54840	32050
55320	32050
55800	32050
56360	32050
56760	32050
57160	32050
57640	32050
58040	32050
58440	32050
280	33050
760	33050
1320	33050
1880	33050
2360	33050
2760	33050
3000	33050
3320	33050
3960	33050
4280	33050
5080	33050
5880	33050
6440	33050
7000	33050
7560	33050
8120	33050
8840	33050
9240	33050
9480	33050
9800	33050
10200	33050
10760	33050
11160	33050
11560	33050
12120	33050
12680	33050
13160	33050
13640	33050
14280	33050
14680	33050
15320	33050
16040	33050
16280	33050
16680	33050
17240	33050
17720	33050
18040	33050
18360	33050
19000	33050
19560	33050
20040	33050
20440	33050
20920	33050
21240	33050
21560	33050
21960	33050
22520	33050
23000	33050
23480	33050
24200	33050
24760	33050
25320	33050
25880	33050
26360	33050
26760	33050
27160	33050
27560	33050
27880	33050
28920	33050
30040	33050
30360	33050
30680	33050
31080	33050
31560	33050
31960	33050
32440	33050
32920	33050
34040	33050
35240	33050
35720	33050
36120	33050
36440	33050
37240	33050
38280	33050
39080	33050
39640	33050
40120	33050
40680	33050
41240	33050
41800	33050
42280	33050
42680	33050
43080	33050
43560	33050
44040	33050
44440	33050
45000	33050
45480	33050
45960	33050
46360	33050
46840	33050
47320	33050
47880	33050
48360	33050
48920	33050
49800	33050
50600	33050
51160	33050
51720	33050
52120	33050
52680	33050
53480	33050
54040	33050
54520	33050
55320	33050
56040	33050
56280	33050
56680	33050
57160	33050
57640	33050
58200	33050
200	34050
600	34050
1000	34050
1480	34050
1800	34050
2120	34050
2600	34050
3000	34050
3720	34050
4520	34050
5000	34050
5480	34050
6040	34050
6520	34050
7000	34050
7560	34050
8040	34050
8520	34050
9160	34050
9880	34050
10600	34050
10920	34050
11320	34050
11800	34050
12280	34050
12760	34050
13240	34050
13640	34050
14120	34050
14680	34050
15240	34050
15640	34050
15960	34050
16440	34050
16920	34050
17320	34050
17720	34050
18200	34050
18760	34050
19320	34050
19720	34050
20200	34050
20680	34050
21000	34050
21320	34050
21640	34050
22040	34050
22520	34050
22920	34050
23240	34050
23640	34050
24200	34050
24680	34050
25000	34050
25400	34050
25800	34050
26200	34050
26680	34050
27080	34050
27400	34050
27800	34050
28120	34050
28600	34050
29080	34050
29640	34050
30120	34050
30680	34050
31160	34050
32040	34050
33640	34050
34920	34050
35320	34050
35720	34050
36120	34050
36680	34050
37320	34050
37640	34050
38280	34050
39000	34050
39640	34050
40040	34050
40440	34050
41000	34050
41560	34050
41960	34050
42280	34050
43000	34050
43720	34050
44120	34050
44760	34050
45320	34050
45880	34050
46440	34050
46840	34050
47160	34050
47720	34050
48280	34050
48760	34050
49160	34050
49800	34050
50360	34050
50840	34050
51320	34050
51880	34050
52440	34050
52920	34050
53480	34050
54040	34050
54520	34050
55160	34050
55640	34050
56040	34050
56440	34050
57000	34050
57480	34050
57880	34050
58360	34050
200	35050
600	35050
1000	35050
1720	35050
2520	35050
2920	35050
3240	35050
4040	35050
4840	35050
5400	35050
5880	35050
6280	35050
6840	35050
7320	35050
7880	35050
8440	35050
9080	35050
9480	35050
10040	35050
10520	35050
10840	35050
11320	35050
11800	35050
12120	35050
12600	35050
13000	35050
13400	35050
13960	35050
14360	35050
14760	35050
15160	35050
15560	35050
15880	35050
16280	35050
16680	35050
17160	35050
17640	35050
18120	35050
18600	35050
19240	35050
19640	35050
20040	35050
20600	35050
21080	35050
21640	35050
22360	35050
23160	35050
23560	35050
23880	35050
24360	35050
25080	35050
25720	35050
26280	35050
27080	35050
27480	35050
27880	35050
28600	35050
29560	35050
30040	35050
30440	35050
30760	35050
31160	35050
31640	35050
31960	35050
32360	35050
32840	35050
33320	35050
33800	35050
34200	35050
34680	35050
35640	35050
37000	35050
37720	35050
38040	35050
38440	35050
38920	35050
39560	35050
40200	35050
41160	35050
42040	35050
42680	35050
43000	35050
43400	35050
44040	35050
44840	35050
45160	35050
45480	35050
45800	35050
46280	35050
46760	35050
47240	35050
47640	35050
48280	35050
49240	35050
50120	35050
50760	35050
51480	35050
51880	35050
52200	35050
52600	35050
53080	35050
53640	35050
54120	35050
54600	35050
55240	35050
55720	35050
56200	35050
56680	35050
57080	35050
57400	35050
57880	35050
58280	35050
200	36050
600	36050
1000	36050
1480	36050
1880	36050
2360	36050
2840	36050
3240	36050
3960	36050
4520	36050
5000	36050
5560	36050
6120	36050
6680	36050
7160	36050
7640	36050
7960	36050
8280	36050
8920	36050
9400	36050
9880	36050
10440	36050
11000	36050
11560	36050
12040	36050
12760	36050
13480	36050
13960	36050
14200	36050
14440	36050
15000	36050
15720	36050
16120	36050
16600	36050
16920	36050
17160	36050
17480	36050
18040	36050
18440	36050
19000	36050
19560	36050
20040	36050
20600	36050
21000	36050
21400	36050
21960	36050
22520	36050
23000	36050
23400	36050
24520	36050
25720	36050
26680	36050
27800	36050
28200	36050
28680	36050
29080	36050
29640	36050
30120	36050
30840	36050
31560	36050
32200	36050
33400	36050
34680	36050
35080	36050
35480	36050
35880	36050
36440	36050
37320	36050
38040	36050
38360	36050
38680	36050
39000	36050
39800	36050
40520	36050
40840	36050
41160	36050
41560	36050
41960	36050
42440	36050
42760	36050
43000	36050
43320	36050
43960	36050
44920	36050
45400	36050
45800	36050
46440	36050
47160	36050
47560	36050
47960	36050
48520	36050
49640	36050
50360	36050
50840	36050
51320	36050
51800	36050
52280	36050
52680	36050
53080	36050
53480	36050
53960	36050
54440	36050
55000	36050
55320	36050
55880	36050
56440	36050
57000	36050
57400	36050
57720	36050
58200	36050
280	37050
840	37050
1240	37050
1640	37050
2120	37050
2600	37050
3160	37050
3800	37050
4360	37050
4840	37050
5640	37050
6520	37050
7080	37050
7560	37050
7960	37050
8520	37050
9160	37050
9560	37050
9960	37050
10360	37050
10920	37050
11480	37050
12040	37050
12520	37050
12920	37050
13320	37050
13960	37050
14280	37050
14600	37050
15000	37050
15480	37050
16040	37050
16760	37050
17480	37050
17880	37050
18200	37050
18760	37050
19400	37050
19720	37050
20040	37050
20440	37050
20840	37050
21400	37050
21880	37050
22440	37050
23000	37050
23560	37050
24200	37050
25160	37050
26360	37050
26920	37050
27880	37050
29480	37050
30760	37050
31880	37050
32600	37050
33400	37050
33880	37050
34520	37050
34920	37050
35320	37050
35800	37050
36200	37050
36520	37050
37160	37050
37960	37050
38600	37050
39720	37050
40680	37050
41640	37050
42360	37050
42680	37050
43000	37050
43480	37050
43960	37050
44360	37050
45000	37050
45400	37050
45880	37050
46280	37050
46680	37050
47160	37050
47560	37050
47880	37050
48360	37050
48760	37050
49240	37050
49880	37050
50280	37050
50600	37050
50920	37050
51480	37050
52200	37050
52600	37050
53000	37050
53480	37050
53960	37050
54280	37050
54600	37050
55320	37050
55880	37050
56680	37050
57480	37050
57880	37050
58280	37050
200	38050
680	38050
1160	38050
1720	38050
2120	38050
2440	38050
2920	38050
3640	38050
4120	38050
4680	38050
5240	38050
5800	38050
6360	38050
6840	38050
7320	38050
7800	38050
8200	38050
9080	38050
9960	38050
10520	38050
11000	38050
11560	38050
12200	38050
12680	38050
13240	38050
13960	38050
14520	38050
15000	38050
15480	38050
15960	38050
16520	38050
17000	38050
17400	38050
17720	38050
18120	38050
18600	38050
19320	38050
19800	38050
20360	38050
20920	38050
21400	38050
22360	38050
24120	38050
25720	38050
26920	38050
27480	38050
28040	38050
28600	38050
29080	38050
29720	38050
30200	38050
30600	38050
31560	38050
32760	38050
33720	38050
35000	38050
35720	38050
36680	38050
37400	38050
37880	38050
38280	38050
38840	38050
39880	38050
40840	38050
41720	38050
42440	38050
42840	38050
43240	38050
43640	38050
44040	38050
44360	38050
45160	38050
46120	38050
46840	38050
47480	38050
48360	38050
49320	38050
50440	38050
51160	38050
51640	38050
52200	38050
52680	38050
53160	38050
53720	38050
54200	38050
54840	38050
55400	38050
55960	38050
56440	38050
57000	38050
57480	38050
57960	38050
200	39050
600	39050
1000	39050
1400	39050
1720	39050
2120	39050
2520	39050
2840	39050
3240	39050
3960	39050
4520	39050
5080	39050
5560	39050
6040	39050
6440	39050
6760	39050
7080	39050
7400	39050
7720	39050
8040	39050
8520	39050
9160	39050
9720	39050
10200	39050
10760	39050
11320	39050
11800	39050
12280	39050
12760	39050
13320	39050
14040	39050
14520	39050
15000	39050
15560	39050
16120	39050
16680	39050
17240	39050
17720	39050
18120	39050
18440	39050
18840	39050
19320	39050
19720	39050
20200	39050
20520	39050
21080	39050
21640	39050
22120	39050
23000	39050
24280	39050
25000	39050
25800	39050
26280	39050
26600	39050
27080	39050
27560	39050
28040	39050
28440	39050
29400	39050
30520	39050
30920	39050
31320	39050
31720	39050
32360	39050
33240	39050
34040	39050
34680	39050
35160	39050
36120	39050
37240	39050
37560	39050
38120	39050
39000	39050
40120	39050
40840	39050
41240	39050
41800	39050
42520	39050
42920	39050
43240	39050
43560	39050
43880	39050
44360	39050
45000	39050
45320	39050
45720	39050
46440	39050
47400	39050
48120	39050
48600	39050
49000	39050
49400	39050
50040	39050
50440	39050
50760	39050
51240	39050
51560	39050
51960	39050
52360	39050
52920	39050
53400	39050
53960	39050
54520	39050
55080	39050
55400	39050
55960	39050
56440	39050
56840	39050
57240	39050
57640	39050
58040	39050
200	40050
600	40050
1000	40050
1400	40050
1800	40050
2200	40050
2680	40050
3240	40050
3960	40050
4520	40050
5080	40050
5560	40050
6040	40050
6600	40050
7160	40050
7640	40050
8120	40050
8520	40050
9000	40050
9480	40050
9960	40050
10280	40050
10840	40050
11400	40050
11960	40050
12520	40050
13080	40050
13560	40050
14280	40050
14760	40050
15320	40050
15800	40050
16280	40050
16680	40050
17320	40050
18200	40050
18760	40050
19400	40050
20120	40050
21000	40050
21400	40050
21880	40050
22520	40050
23240	40050
23560	40050
24680	40050
25880	40050
26440	40050
27000	40050
27480	40050
27880	40050
28200	40050
28600	40050
29000	40050
29560	40050
29960	40050
30360	40050
30920	40050
31480	40050
31880	40050
32280	40050
32760	40050
33160	40050
33560	40050
34440	40050
35640	40050
37000	40050
37880	40050
38600	40050
39000	40050
39320	40050
39880	40050
40280	40050
40760	40050
41320	40050
41800	40050
42200	40050
42600	40050
43000	40050
43400	40050
43960	40050
44680	40050
45160	40050
45640	40050
46200	40050
46680	40050
47080	40050
47560	40050
47960	40050
48440	40050
49000	40050
49720	40050
50200	40050
50760	40050
51320	40050
51720	40050
52120	40050
52520	40050
52920	40050
53400	40050
53960	40050
54440	40050
54920	40050
55400	40050
55880	40050
56280	40050
56680	40050
57080	40050
57480	40050
57880	40050
58280	40050
200	41050
600	41050
1000	41050
1400	41050
1800	41050
2200	41050
2600	41050
3000	41050
3400	41050
3960	41050
4360	41050
4760	41050
5160	41050
5560	41050
5880	41050
6200	41050
6520	41050
6920	41050
7400	41050
7880	41050
8360	41050
9000	41050
9480	41050
9880	41050
10440	41050
10920	41050
11320	41050
11720	41050
12120	41050
12520	41050
13000	41050
13560	41050
14200	41050
14680	41050
15160	41050
15640	41050
16040	41050
16440	41050
16840	41050
17240	41050
17640	41050
18040	41050
18440	41050
18840	41050
19400	41050
20120	41050
21000	41050
21880	41050
23480	41050
24760	41050
25160	41050
25480	41050
25880	41050
26680	41050
28040	41050
29800	41050
30920	41050
31400	41050
32360	41050
33000	41050
33320	41050
33880	41050
34760	41050
35160	41050
35480	41050
35880	41050
36360	41050
36840	41050
37240	41050
37960	41050
38760	41050
39160	41050
39880	41050
40440	41050
41000	41050
41560	41050
42120	41050
42840	41050
43640	41050
44120	41050
44440	41050
44920	41050
45480	41050
45960	41050
46520	41050
47240	41050
47640	41050
48360	41050
49160	41050
49560	41050
50120	41050
50520	41050
50920	41050
51320	41050
51720	41050
52120	41050
52520	41050
52920	41050
53320	41050
53640	41050
54040	41050
54440	41050
55000	41050
55400	41050
55800	41050
56200	41050
56600	41050
57000	41050
57400	41050
57800	41050
58200	41050
