x0	y0	x1	y1
58560	30500	58480	*
53360	30500	53280	*
48880	26600	*	30500
51680	26700	*	21400
43280	26100	*	33200
54400	31500	*	35200
52320	26700	52240	*
50480	27600	50560	*
45360	24400	*	25200
44960	24800	*	25400
48800	25400	*	25600
48320	25100	*	25900
32320	25200	*	25100
38640	25100	*	24800
45440	40200	*	24700
51840	21200	*	15000
32480	24000	*	25800
54160	25400	*	27000
54320	26600	54240	*
22480	40400	*	28200
19600	42000	19520	*
55280	1100	*	22600
28880	21400	*	21500
52800	21400	*	22600
55360	11700	*	22000
55040	12500	*	22200
54560	15700	*	11600
43440	17900	*	12300
27360	26200	*	19400
21360	40600	*	32200
36000	14600	36080	*
36880	14600	36960	*
34240	14800	*	14600
35760	10800	*	13900
50000	100	49920	*
42560	16100	*	8400
37280	23400	*	16100
47280	6400	*	7400
46480	7400	*	6800
41840	9100	41920	*
35600	100	35520	*
28080	24100	*	16500
30880	7500	*	6800
31840	600	*	5200
31840	23300	*	5200
33200	25300	*	23300
43920	4900	*	4700
29520	6500	29440	*
31760	6500	*	6400
28000	26600	*	6800
25920	29200	*	26600
28880	10600	*	6700
30000	200	*	3300
28560	20500	*	9800
30000	9800	*	3300
25280	5800	*	5400
26400	10100	*	3700
23520	20200	*	7900
26560	22200	*	4800
16160	9400	*	7300
16880	16200	*	11000
23360	22700	*	8300
29120	22900	*	23100
7920	11500	*	7700
6640	15700	*	12700
21840	16800	21920	*
8080	16800	8000	*
3200	25300	3120	*
2880	23200	*	18700
6560	33600	*	30700
6640	34200	*	33600
26000	22900	26080	*
2720	23200	*	24800
3520	28600	*	25800
3520	32000	3440	*
4080	33300	*	30300
2160	38700	*	36100
2160	39100	*	38700
23440	29700	*	37900
13600	39800	*	40200
13200	40600	*	41400
23840	31900	*	32000
7200	31900	*	39300
9600	37600	9680	*
15120	36000	*	37100
21040	35800	*	38100
19760	31600	*	37600
16080	30600	16000	*
16480	31500	*	36900
16480	29700	*	31500
25120	27900	*	28200
18480	28200	*	29300
24640	28000	*	35300
25280	30100	*	31300
14160	26500	*	26800
8320	19600	*	16900
8640	15700	*	13100
19760	5400	19840	*
21440	5400	*	5500
39760	17200	*	4600
37520	24500	37600	*
56000	8600	*	8400
37680	17400	*	12600
56240	41500	*	15400
55840	23400	*	27400
47040	20700	*	37500
34240	22100	34160	*
53440	36600	53360	*
51760	36600	*	36700
53520	27600	*	34500
57920	41600	*	26600
57360	1300	*	26600
55200	27600	*	34900
55200	23800	*	27600
54080	24900	*	26900
56160	15600	*	21800
57200	36800	*	17200
39680	8600	*	3300
33360	16800	*	4200
31120	18800	*	2600
21760	20300	*	4800
17920	4700	18000	*
19760	4700	19840	*
6080	12300	*	11200
30640	18800	*	18500
2720	18500	*	18700
30640	18000	*	18500
1840	28600	*	24200
4960	37800	4880	*
3920	40600	*	33100
13120	37400	*	40000
13120	35800	*	37400
26080	28100	*	28300
20640	28300	*	34800
20160	35000	*	35300
23600	23700	23680	*
17920	24000	*	30800
31760	17500	31680	*
25040	17500	*	23300
17520	23100	*	20100
16080	8600	*	7000
31680	5200	31600	*
37120	14800	37200	*
34560	14800	34480	*
52320	9500	52400	*
40960	18100	*	12200
46800	12200	*	10700
42000	19500	*	19600
40320	19600	40240	*
26480	29500	*	34900
31840	27500	*	34700
40800	36900	40880	*
40400	36900	40320	*
40720	35400	*	32000
40720	37400	*	35400
47360	42000	47280	*
48960	34700	*	31000
47440	35600	*	30400
54720	34600	54640	*
52560	34600	*	34700
37760	23800	*	17400
42560	20600	*	21000
46000	15900	*	15100
41520	22900	*	15100
33200	30600	*	26400
29120	26800	*	28700
32400	42000	32320	*
41680	21000	*	20600
42720	20800	*	21500
42560	19500	42640	*
41920	19500	41840	*
40880	18600	*	19200
40800	19200	40720	*
41200	19200	*	19300
41280	100	41200	*
33840	22500	*	10900
40560	14100	*	11100
36960	15000	*	15700
38160	14800	*	15300
38240	15100	*	15400
33520	7400	33440	*
31600	24200	*	9400
25920	25400	*	24400
31600	24400	*	24200
33680	7500	*	7700
35840	6600	*	12100
31760	4600	31680	*
21520	6700	21440	*
24640	6700	24720	*
26080	11300	*	7100
26080	12500	*	11300
24960	24100	*	7700
21440	6800	*	8600
16560	12400	*	9300
19280	14200	19360	*
15680	12200	15600	*
10800	8500	10880	*
12640	8500	12720	*
10800	10400	*	9300
8080	15500	*	12700
9040	15800	*	12600
9360	16600	*	16400
6720	21900	*	18800
7600	19700	*	17300
6400	24500	*	23200
13200	36500	*	36900
13600	36600	*	36100
13680	30800	13600	*
23760	28900	*	38700
11680	40100	*	38800
14000	41500	*	41300
13280	39500	13200	*
12320	39500	*	39700
12640	39700	*	39300
24480	26300	*	36200
19600	27900	*	38900
15520	39800	*	40200
17840	31600	*	38600
13360	27500	13280	*
14800	16600	*	26500
1840	12800	*	15900
11840	13700	*	14500
3920	6800	3840	*
26720	20200	26640	*
15600	20200	*	19000
9840	15300	*	17700
4800	4700	*	7900
17200	16400	*	19200
6880	4800	*	13900
34240	9300	*	500
54240	13500	*	1500
29600	17400	*	16200
54240	16200	*	13500
53840	15800	*	6500
48880	5300	*	11800
56240	1300	*	7800
57040	6500	57120	*
57040	19400	*	11000
57280	10000	*	16900
56720	41200	56640	*
28160	16700	*	23700
56640	23700	*	30900
54480	20700	54400	*
54480	17900	*	20700
53440	23600	*	31100
29840	20100	*	34300
50640	33400	50560	*
32640	35600	*	39400
31200	17500	*	36800
38880	35800	*	40800
58080	30600	*	35400
58080	29500	*	30600
58000	41400	*	33500
58160	1600	*	29300
57440	30400	*	34900
57120	31400	*	34800
58400	41700	*	30300
57760	1400	*	1500
57760	23000	*	30300
58320	25700	*	41600
58240	27300	*	2800
58160	38400	58240	*
57680	1500	*	27500
58080	1700	*	22900
57840	22700	*	2500
57120	24000	*	22700
56400	17500	*	21900
57520	24300	*	3400
56640	16500	*	22900
54640	13800	*	15800
57600	16800	*	24000
56960	14400	*	16500
57040	10900	56960	*
56960	19000	*	34700
57120	11100	*	11600
57200	800	*	10600
56640	5500	*	6600
49440	1000	*	1600
31600	1800	31680	*
34800	1800	*	1900
29680	7200	*	1700
24400	17300	*	1400
30720	17400	30640	*
24400	17400	*	17300
24480	10500	*	8600
19680	10500	*	4600
24800	10700	24720	*
19680	10700	*	10500
23440	17200	*	2800
18880	10500	*	6100
18880	11500	*	10500
15440	9700	*	6700
7600	11500	*	11200
16000	11200	16080	*
6640	11600	6560	*
15360	11600	15440	*
24640	17500	*	14300
16320	7400	16240	*
1120	18600	*	17000
13760	15100	*	16100
800	21300	*	18400
1120	20400	1200	*
880	21700	*	18300
1920	25600	*	33500
1920	19900	*	25600
15280	18100	*	18400
2960	18400	*	39300
9040	31100	*	36100
17360	34700	17280	*
9280	34700	9200	*
7600	38700	7520	*
5680	38700	5600	*
8640	36200	*	37000
18880	34400	18800	*
9840	34400	*	38000
21520	31300	*	34600
22000	24800	*	33300
22800	25500	*	29400
24400	20000	*	22600
6800	9500	*	18200
18720	15000	*	14700
12880	2900	*	12600
23840	24200	*	19200
21760	29900	*	32700
30320	24600	*	24500
4800	24500	*	10600
14720	10700	*	4200
14720	11300	*	10700
18640	10200	*	1600
20240	8500	20320	*
25520	23000	*	500
34080	22600	*	22500
30480	31000	*	31200
54000	31200	*	31300
35360	25700	*	37900
35920	41500	*	41200
41120	41400	41200	*
38640	41400	*	41600
40320	28600	*	36400
48720	40500	*	37100
49600	40800	*	41000
48560	38100	*	41900
39840	25900	*	37000
53360	40700	*	40500
55280	36400	*	39600
56160	34200	*	37700
57360	31500	*	33700
57680	27600	57600	*
58160	38200	*	32300
57920	1800	*	18700
57840	23600	*	36300
56640	6800	*	15800
57760	15800	*	22800
56720	1700	56800	*
57200	10700	*	17000
56880	700	*	18700
57440	20600	*	3300
57440	23300	*	20600
58320	20400	*	22800
58320	1900	*	20400
57760	1600	*	15700
56720	17300	*	2400
58000	1000	*	18900
41360	23300	*	19600
57120	12600	*	17100
56320	12500	*	2100
56320	13500	*	12500
57600	13400	*	2300
53360	11500	*	7300
38000	23400	37920	*
53360	12400	*	11500
28800	24700	*	24600
37680	24600	*	24500
46080	12400	*	3300
32960	24700	*	12400
50240	1800	*	2200
38720	6600	*	4900
47440	1500	*	1300
46880	1600	46800	*
48480	1600	48560	*
42880	2500	42800	*
31360	5100	*	1600
22640	500	22560	*
26800	500	*	600
18400	5200	*	1500
18400	9400	*	5200
3440	12900	*	9500
10800	7500	*	2300
1520	18900	*	16800
1360	16600	*	14500
5600	15800	*	20500
12960	14900	12880	*
7120	14900	*	15800
640	26000	720	*
4960	16900	*	25500
960	28500	*	19800
1520	24900	*	28900
9440	30300	*	33500
10160	37500	10080	*
8000	37500	*	37600
16720	38200	*	34300
9200	37900	9120	*
5040	37900	4960	*
10480	37600	10560	*
7920	37600	*	37500
15280	35000	*	36300
18400	35100	*	30800
20800	24900	*	30700
21920	19100	*	24300
22160	25000	22240	*
17040	19400	*	19700
12800	2800	*	14200
24160	20400	24080	*
21120	20400	*	20500
18160	32500	18240	*
20160	32500	20240	*
17760	30000	*	34100
5200	28100	*	35600
41360	17000	41440	*
35840	28900	*	33900
30400	27500	*	35000
36960	31000	*	38800
46080	40800	*	40600
41840	28200	41760	*
47520	40800	47440	*
45040	40800	*	41000
54480	33600	*	38100
55840	39000	*	30500
56400	27500	*	29800
57280	23600	*	27100
56720	22500	*	23600
56320	21600	*	27200
56400	22000	*	27300
56480	28800	*	10500
58560	28500	*	28800
43920	15500	*	15400
36400	23100	*	15400
56000	10600	55920	*
52000	100	51920	*
37280	15900	*	6300
29760	25400	*	17000
26240	29300	*	25400
44480	2700	*	5900
44800	2600	*	2800
46880	2800	46960	*
27360	19300	*	2800
29520	22500	29600	*
29440	26600	*	22500
17520	4600	17440	*
26880	27300	26960	*
6480	26800	*	8800
5280	17300	*	13500
5360	17300	5440	*
5360	19300	*	17300
5120	27500	*	20300
6240	28700	*	24800
5600	27700	5520	*
3360	35700	*	32400
11680	36400	11600	*
7760	36400	*	36500
10080	36600	10000	*
8160	36600	*	36400
19280	27800	*	31800
11520	4700	*	15900
10960	2900	10880	*
39360	38700	*	39000
39200	25500	*	37300
32160	27400	32080	*
50160	33000	*	36900
52160	25400	*	30900
58560	17000	58480	*
54480	17000	*	16700
47360	20900	*	16700
34720	26600	*	25200
47840	25200	*	10800
46480	9500	46560	*
47440	9500	*	9400
48960	200	*	3500
41120	25200	*	4800
46320	4500	46400	*
45600	4500	*	4700
38400	4300	38480	*
26480	22000	*	10100
28560	24100	*	22000
32800	26700	*	24100
34080	4900	*	9200
38960	3400	*	3200
28320	3400	28400	*
36240	3400	36320	*
23600	4800	*	9200
17120	22100	*	15200
9120	8600	*	11800
6400	17400	*	11300
6960	17700	7040	*
7280	27800	*	19400
23600	25800	*	30200
4240	34700	*	31300
9520	35600	*	35700
6560	35700	6480	*
26000	28000	*	31200
14080	34700	*	32000
28400	28900	28320	*
13600	28900	13520	*
14880	24800	14960	*
25440	23300	25520	*
17760	23300	17680	*
11120	4800	*	17000
39280	41500	*	32100
36000	21500	*	29700
30960	16800	*	20900
25680	19500	*	34100
25680	18900	*	19500
39040	30600	38960	*
34720	30600	34640	*
41200	30600	41280	*
40960	30600	*	30700
57280	23400	*	23100
30400	15400	*	15200
50480	15200	*	15300
50320	14900	*	11400
22000	15500	*	15300
30640	15300	*	15500
22000	14700	*	15300
32800	14600	*	9100
23200	14500	23280	*
27280	100	27200	*
25440	14800	*	5300
19520	14200	*	12700
22320	29100	*	31200
22320	17100	*	29100
18480	34900	*	31400
27920	19300	27840	*
18240	19300	18160	*
27360	30800	27280	*
12080	30800	12000	*
27280	19700	*	30800
32080	21300	32000	*
2560	21300	*	20800
30240	21200	*	19800
19200	14900	*	17800
30480	16500	*	12300
34640	20800	*	7400
34880	19300	*	6000
33840	24900	33760	*
37440	38900	*	28300
37440	42000	*	38900
37600	32900	*	28800
37920	28500	*	28900
39920	8500	*	8700
18640	12700	18720	*
19680	12700	19760	*
1360	24700	*	22600
7360	9300	*	14400
7840	9500	*	19200
24720	23400	*	23500
16160	23400	16080	*
24800	26000	24880	*
15920	26200	*	37000
26000	27300	26080	*
12320	27300	12240	*
26000	23500	*	27300
24560	22800	24480	*
12160	22800	*	23000
21280	19800	*	13300
32720	23100	32640	*
32080	20200	*	11100
22480	4600	22560	*
32080	4600	*	11100
22480	200	*	4600
58560	11800	58480	*
52880	11800	*	11300
35920	22100	35840	*
46720	15700	*	11300
58560	15300	58480	*
51440	15300	*	15500
39120	15500	39200	*
46960	15500	47040	*
39120	23500	*	15500
27200	23300	*	23400
30640	23300	*	23500
31120	23200	*	23300
49920	23200	*	23000
28240	24800	*	27000
24560	40300	*	27000
39040	26800	*	27700
34320	27800	34240	*
39360	26700	*	27000
50880	23400	50800	*
47360	23400	47280	*
46560	23600	*	25000
45440	10800	45520	*
47280	10800	*	10900
38000	8700	*	8600
39840	8600	*	8700
29760	8600	29840	*
30800	8600	30880	*
23680	8500	23760	*
26160	8500	26240	*
25120	12800	*	8700
10880	22700	*	15800
10960	22600	*	16400
10960	22800	*	22600
20720	29500	*	36400
21120	29400	*	37300
14960	16800	*	21700
13680	15600	*	23400
13680	15000	*	15600
7120	8900	7040	*
8480	15200	*	10300
31440	16100	*	14000
20880	16700	*	16500
29440	16500	*	15100
38640	200	*	8900
38080	20600	*	10700
33520	18800	33600	*
43360	5100	43280	*
43280	100	43200	*
43280	14300	*	12600
42160	20000	*	17000
58560	20400	58480	*
54960	20400	54880	*
38160	17600	*	22100
58560	27500	58480	*
55920	27500	55840	*
43200	42000	*	29200
34800	22800	*	31300
35120	30800	*	31000
47920	25000	*	25700
46720	25300	*	26000
49120	18700	49040	*
51600	18700	51680	*
50880	18900	50800	*
36080	13400	*	9500
26320	11700	26240	*
28400	16000	*	13600
27280	18700	*	18800
9280	18800	9200	*
13120	17200	*	26100
33920	17200	34000	*
22400	17200	22480	*
28640	27200	*	17200
30800	27900	30720	*
16240	27900	*	36700
18160	29500	18240	*
18640	29500	*	29400
8240	5000	8160	*
8880	15300	8960	*
18720	25600	*	27700
28720	16400	*	13600
35920	15500	*	11400
39200	100	*	11400
44160	200	*	9000
57120	19500	*	19100
42480	18000	*	21600
30240	17300	30320	*
38240	17300	*	18000
58560	22000	*	21900
46640	21900	*	21400
58560	27300	58480	*
49680	27300	*	27600
36080	16700	*	23600
28720	19300	*	33700
37840	31500	*	32200
38240	31800	38320	*
37760	31800	37680	*
34560	36500	*	30000
30400	42000	30320	*
27600	15400	*	32000
53920	17700	*	31400
34160	16000	34080	*
53920	17400	*	17700
46720	21600	*	21400
23040	15000	*	18200
48080	18700	*	18900
48560	18900	48640	*
58560	13500	*	13700
44800	14000	*	14600
40240	14400	*	14600
48080	100	48000	*
34720	16300	*	6100
42400	11700	*	11300
41760	11600	41680	*
43680	11600	*	11300
30080	15400	*	5500
30080	2300	*	5500
26480	28600	*	23000
27040	23000	*	18000
28480	14500	*	10400
28720	600	*	4800
25600	15300	*	7400
21360	14800	*	6700
19200	14200	*	11300
8240	13500	8320	*
9840	13500	9920	*
7760	15600	7680	*
2560	19700	*	15200
3360	22600	*	20700
6800	28300	*	27100
7520	29700	*	25100
20560	14800	20480	*
2800	14800	*	24900
20560	15800	*	14800
11040	32600	10960	*
10560	32600	*	32500
22080	24900	*	34800
18160	35700	18080	*
14240	35700	*	35600
23120	30600	*	33900
25840	17900	*	27400
24400	27400	*	27700
21120	27700	21200	*
22400	27700	*	27600
20000	25600	19920	*
21520	21400	*	24200
9360	32900	*	36600
29680	22000	*	22200
5600	22200	*	26000
6720	18200	*	16500
14080	9400	*	12100
58560	16600	*	16200
36720	21400	*	16600
46080	16600	*	16200
32560	15000	*	15600
58560	17200	*	17400
58000	24600	*	25200
40080	25500	*	25300
49920	25300	*	25100
40080	23900	*	25300
35360	19500	35280	*
42080	26000	*	35800
30720	19500	30800	*
52720	24600	*	31700
45200	6900	*	8700
40480	500	*	5300
40480	16000	*	5300
28320	28500	*	22400
30960	100	31040	*
31280	15300	*	4700
31280	19300	*	15300
29040	18400	*	7800
11040	8500	*	9000
20000	26900	*	38800
7360	35700	7280	*
28800	20200	28880	*
38960	40200	*	30900
45600	31500	45520	*
44480	31500	44400	*
39920	25500	*	29100
39920	24900	*	25500
45440	23500	*	24000
58480	22800	58400	*
50240	22800	*	22900
46720	21000	46800	*
46640	19500	*	19300
47600	19300	47680	*
39680	24100	*	19000
30480	24800	*	24900
34880	24900	*	25000
50240	21700	*	20200
44000	15300	*	13300
34160	21500	*	16800
40000	100	*	15500
39680	14800	*	15000
38880	14400	38960	*
41520	14400	*	14800
38640	12700	*	14000
37520	12600	*	12300
38240	13100	38160	*
39040	13100	*	13200
37600	12600	*	13100
34960	11300	*	12500
34960	3700	*	11300
31840	100	31760	*
34960	18700	*	12500
34240	11600	*	12100
31680	12400	31760	*
34560	12400	*	12000
33760	11400	*	11200
30560	12600	30640	*
32480	12600	32560	*
35120	12100	35040	*
31040	12200	*	12500
27520	20800	*	12800
33920	11600	*	11700
29680	11600	*	12600
29200	12500	29120	*
34400	11900	34480	*
22080	9400	22160	*
21280	9400	*	9300
7280	15500	*	13300
5680	20600	*	16300
5680	21600	*	20600
3280	23600	3200	*
3840	24500	*	22400
7600	35700	7520	*
16640	38400	16560	*
11840	38400	11760	*
16880	38500	16800	*
10640	38500	10560	*
19680	39500	*	39200
19200	38900	*	39100
19920	28900	*	33600
12800	21700	*	23000
7200	4800	*	15800
42800	37600	42720	*
42880	42000	42960	*
42720	28100	*	34500
42000	35900	*	36700
28480	23400	*	33200
33360	35600	33280	*
31760	35600	*	35300
32560	35400	32640	*
32000	35400	*	35300
7040	4600	*	5100
10640	300	*	2700
7120	3500	*	5100
9040	4700	8960	*
6960	4700	*	4900
26880	16100	26960	*
36240	17600	*	20600
28400	20700	*	23600
27680	14800	*	18700
34960	18800	*	24000
35200	15600	*	23100
34160	15600	*	11300
28960	19600	*	15900
34160	15900	*	15600
36880	22700	*	29600
36640	22500	*	8000
28960	22900	29040	*
36640	22900	*	22500
30480	20800	*	22300
34000	26100	33920	*
26320	26500	*	26400
33920	26400	*	26100
26640	20800	*	28300
33920	27400	*	29800
28480	15500	*	15600
33680	15500	33760	*
32320	23600	*	24900
24000	24300	*	18500
15440	18800	15360	*
23760	18600	23840	*
36160	24400	*	24900
18800	10900	*	22300
27760	26800	27840	*
29440	26800	*	27100
22560	8100	*	24700
29920	16100	*	24200
19360	14900	19280	*
29440	14900	*	15000
34560	22800	*	24200
17200	13200	*	13400
29680	13400	*	20000
27120	26700	*	24000
18160	16700	18240	*
27120	16700	*	24000
32080	24800	32160	*
37120	24800	*	24900
24480	15900	*	22100
30240	18600	30320	*
32800	18600	*	19200
6800	18800	*	18400
24320	18400	*	18100
27760	24200	*	19500
26720	25500	*	26300
24320	23400	*	24000
25760	17300	25840	*
29440	17300	*	17100
23040	29000	22960	*
27360	29000	*	27900
31120	24300	*	24600
28800	19700	*	16700
25360	24500	*	20100
28800	20100	*	19700
7360	25000	*	24700
25360	24700	*	24500
28800	23900	28880	*
31920	23900	*	23700
28880	25700	*	23900
7440	27100	7360	*
26320	26700	26400	*
7200	27300	*	26900
24960	26900	*	26800
7760	26900	7680	*
23520	27200	*	28400
14720	27200	*	18500
24000	24500	*	24800
28400	24800	*	24900
24000	28800	*	24800
26560	24700	*	24600
32560	24700	*	24500
23280	21300	23200	*
22560	31400	*	25200
26160	24500	*	21800
13120	32800	*	29900
26160	29900	*	24500
24640	22500	*	22700
30160	22700	*	22600
24640	26700	*	22700
24000	31000	23920	*
27440	19500	*	19600
31040	19600	*	19000
27440	26000	*	19600
19200	30300	*	27100
27520	25500	*	21000
12800	27400	12720	*
24640	27400	*	27500
20880	14700	20800	*
22080	14700	22160	*
20720	28500	*	15400
27680	31200	*	21300
30880	27400	*	19000
23200	22500	23120	*
28960	21100	*	21400
26320	23600	26240	*
23920	26200	*	23200
27680	19500	*	20400
25600	26100	*	21200
27680	21200	*	20400
