x	y
3680	-260
8800	-260
20480	42300
39680	42300
37360	42300
21600	42300
43120	42300
30320	42300
38800	42300
42960	42300
37920	42300
58880	17600
50560	42300
58880	32800
51280	42300
53280	42300
47440	42300
50320	42300
41760	42300
58880	23400
58880	21600
58880	24800
58880	27500
58880	27300
58880	29500
58880	30500
47280	42300
58880	17400
58880	24600
58880	29300
58880	23600
58880	30900
58880	32500
58880	29700
50080	42300
58880	15700
58880	19700
58880	23800
58880	20400
58880	22000
58880	22800
58880	41500
58880	25500
58880	13500
58880	17200
58880	600
58880	15500
58880	14800
58880	18900
58880	18500
58880	26700
58880	11600
58880	16800
58880	15300
58880	18700
58880	19500
58880	22600
19520	42300
58880	21800
48000	-200
58880	16600
49920	-200
58880	8600
58880	5800
58880	7600
58880	28500
58880	17000
39680	-200
34560	-200
58880	11800
43200	-200
44160	-200
39840	-200
21120	42300
32320	42300
21360	-200
40400	-200
30800	-200
49360	-200
48800	-200
54720	-200
51920	-200
58880	10700
27200	-200
38800	-200
22480	-200
38640	-200
39280	-200
31760	-200
35520	-200
41200	-200
28640	-200
31040	-200
26160	-200
36400	-200
36160	-200
42000	-200
45120	-200
48960	-200
27760	42300
-240	7500
-240	6700
-240	4800
-240	5400
9440	-200
8320	-200
10560	-200
10400	-200
4000	-200
3120	-200
-240	7700
5680	-200
-240	9500
5840	-200
-240	11700
-240	10500
1520	-200
-240	8500
-240	3500
-240	2500
9120	-200
5440	-200
8080	-200
6240	-200
3520	-200
1920	-200
2720	-200
4480	-200
10800	-200
12000	-200
10000	-200
6640	-200
12400	-200
5680	42300
51200	-200
33440	42300
58880	40500
17760	42300
58880	40700
30560	-200
49920	42300
-240	12500
-240	26500
-240	15500
1920	42300
55680	-200
58880	2500
44320	-200
12800	-200
54560	42300
58880	34500
51040	42300
-240	13700
-240	11500
38960	-200
34800	-200
11040	42300
58880	30700
58880	35500
4880	42300
20960	42300
58880	3500
10240	-200
-240	8700
58880	36500
53120	-200
58880	38500
-240	20500
49520	-200
-240	13500
55120	42300
58880	39800
15760	42300
52720	-200
58880	39500
50400	-200
16960	42300
1520	42300
58880	6500
-240	21500
55520	42300
720	42300
31360	-200
-240	14500
54560	-200
42160	-200
58880	19900
34880	42300
49280	42300
53040	42300
29760	-200
-240	32500
-240	4500
42800	-200
53760	42300
-240	17500
16560	42300
17360	42300
16160	42300
53520	-200
58880	5500
55280	-200
-240	35500
56080	-200
58880	37500
51840	42300
15760	-200
51440	42300
50720	42300
18560	42300
58880	9500
2320	42300
-240	27500
5280	42300
52320	-200
58880	40000
54160	42300
-240	20700
15360	-200
29440	-200
1120	42300
58880	12500
1120	-200
53920	-200
52640	42300
42400	-200
-240	40500
58880	4500
58880	20100
2720	42300
52240	42300
14160	-200
11600	-200
